5425872896
5425872897
5425872898
5425872899
5425872900
5425872901
904814592
904814593
13460226060
7298543869
2233630750
2233630751
1542266911
2233630753
2233630756
2233630757
2233630759
2233630766
2233630768
2221097009
2233630770
2233630772
2233630774
2233630775
2233630778
2233630779
2233630780
2233630784
2233630788
2233630790
7290781768
9751421010
9751421011
9751421012
11042111573
2233630806
2221097047
9751421013
9751421015
9751421016
13704124701
1365131362
13704124703
1365131365
7266470506
9751421033
13704124704
2233630833
2221097075
13704124706
2233630840
2221097083
7290241151
7290241152
7290241153
2250276995
7298543873
7271189105
7325081742
7325081743
7325081744
2221097107
2233630869
7246626968
7246626970
683819163
7246626972
7246626971
7246626973
7298543874
683819168
7325081756
7246626979
7246626980
683819173
683819174
2221097125
2233630885
7246626981
7246626984
11041562798
2221097143
683819191
2221097150
11033789166
2221097164
2233630925
11041595605
11041595606
2221097175
2233630935
2233630941
2233630948
7305838824
7305838825
676888811
7305838831
7305838832
2233630962
7305838838
7334494455
7305838841
2221097211
7334494459
7334494460
7334494461
10275299579
10275299587
7334461700
2233630981
10275299589
5425876103
5425876104
11809136913
5425876105
2221097236
5425876106
13378158872
2221097242
5425876107
2221097246
2233631008
13378158881
5425876108
5425876109
2221097255
2221097257
2221097258
2221097259
2250277164
696852781
12375621934
11039490351
2221097264
5425876111
5425876110
2233631027
2221097268
7569531183
2221097270
2221097271
2221097273
2221097275
2250277182
2221097279
11273724224
2221097281
2269782929
2221097284
5425876115
2221097293
13754859853
2221097299
2233631059
2221097301
2221097302
11059208535
2221097304
7252844888
7334035803
2221097308
11059208541
2221097310
2221097312
2221097313
2221097314
2221097315
10970595684
2221097316
2221097317
2221097318
2221097319
2221097320
2221097321
2221097322
2221097323
2221097324
2221097325
2221097326
2221097327
2221097328
2221097329
2221097330
2221097331
2221097332
2221097333
2221097334
2221097335
2233631100
2221097342
2250277246
2221097344
6690771796
2221097346
2221097348
2233631108
2221097350
2237038982
2221097352
2221097353
2221097354
2221097355
2221097356
2237038988
2221097358
2233631118
2221097360
2237038991
2221097362
2237038989
2237038995
2237038992
2233631126
7284297986
2233631129
2237039002
11021574555
2237039003
2233631133
2237039005
2233631135
2233631137
2237039009
13817946531
2233631140
13817946530
13817946529
2269782933
2233631145
2237039017
2237039019
2237039021
2237039023
2237039025
2237039026
2237039027
2233631157
2237039029
2237039031
2237039032
2233631163
2237039037
2237039038
2237039039
2237039040
2237039042
2233631171
2237039043
2237039047
2306425291
2233631181
2233631183
2237039062
2233631192
7345906137
7345906138
7345906136
11038563457
2236170718
2237039071
3147983185
2236170721
2236170722
2236170723
2237039076
810369509
2237039078
7345766887
2236170727
2236170728
2236170730
2236170731
2237039080
2237039082
2236170734
2233631215
2236170735
3147983187
2236170738
2236170739
3147983189
2236170741
2236170742
2237039094
3147983188
3147983190
7349864806
2236170747
2233631230
2236170753
2236170759
2236170765
2233631246
2237039119
2237039120
3147983194
7349864807
3147983196
4163043870
4163043871
10963149345
4163043873
3147983198
11056611876
2233631270
2236170791
3147983199
4163043882
3147983200
4163043885
4163043886
7357819349
11025375796
2236170805
3147983202
2233631287
2236170808
2237039159
3147983203
2236170812
2236170814
2237039171
2236170820
2237039173
2237039177
2236170828
7357819350
11041669711
11041669712
11041669713
2236170840
3147983210
11038603906
11038603907
2236170853
7357819351
13335732702
7298237032
2237039209
7298237033
2236170862
2236170870
2237039223
7357819352
2501427842
2501427843
2501427844
2501427845
2236170886
2501427849
2236170891
2237039245
344425104
2236170900
7298237077
7298237078
7298237076
7298237079
7298237080
7298237081
2237039259
7298237083
7357819353
10962969253
2237039270
13335732715
2236170920
2237039273
2237039338
2233631405
2236170932
2236170933
7334380213
2236170935
7334380214
2236170937
2237039289
7300915899
2236170939
7334380215
7334380216
2236170943
7559791290
2236170945
13335732720
2269782920
2237039304
2236170964
3512623828
7334380247
3512623832
3512623833
3512623834
3512623835
5425881821
5425881822
2236170975
5425881824
7559791329
5425881826
2236170979
5425881828
5425881829
5425881830
5425881831
5425881832
2236170985
5425881834
5425881835
5425881836
5425881837
5425881838
5425881839
5425881840
5425881841
5425881842
5425881843
5425881844
5425881845
5425881846
5425881847
2237039345
2237039350
7350084340
7350084339
4146784446
2269782931
11750138625
11750138626
11750138627
11750138628
11750138629
11750138630
11750138631
11750138632
11750138633
11750138634
11750138635
11750138636
11750138637
11750138638
11750138639
11750138640
2269782934
11750138652
11750138653
11750138654
7249224479
13528385784
7249224481
7334437678
13468476233
13468476241
13528385794
13468476253
10097632646
4146784470
7321273210
7287071620
7349904261
7349904262
7349904263
7349904264
2269782921
2269782922
2269782923
2269782924
2269782925
2269782926
2269782927
13770335120
13770335121
2269782928
2269782930
7248028564
7248028565
7248028566
7248028567
2269782932
7248028569
7248028570
7248028571
7248028572
2269782935
2269782936
2221089695
2269782939
2269782938
2221089700
7248028582
7248028583
7248028584
2221089711
2233631676
2221089725
7350051777
7350051779
9172427717
13751845832
7350051784
6690768262
9172427724
13751845837
13612106703
13612106704
13751845844
6690768264
13751845848
2221089757
6690768266
6690768267
7288218597
7288218598
6690768268
6690768269
13503734768
13503734769
13503734770
13503734771
13503734772
13503734773
13503734774
13503734775
6690768271
6414042106
6414042116
6414042117
2221089798
7246865416
6414042121
6414042122
6414042123
11750138607
7246865421
4160840718
7246865422
7246865423
7353295889
6690768276
7246865424
7246865425
7246865426
7246865427
7246865431
7246865428
7246865429
7246865434
7246865430
7246865436
7246865438
7246865439
13335646494
7246865441
7375070242
7375070243
11750138608
13335646495
4163044394
7246865451
13335646496
4163044397
4163044398
13335646497
7246865458
6423110708
6423110709
7246865460
13335646498
7246865466
7246865472
7246865473
7246865475
2237039691
7339639885
7339639886
7339639887
4163044439
7300867163
7244612707
4163044467
4163044469
7246799990
7244612729
7244612730
4163044476
7244612736
4163044481
7244612739
7244612740
7244612741
7244612742
7244612743
2233631882
914490528
7244612769
914490529
914490531
914490534
11481924779
11056678062
11056678063
11056678064
11056678065
13523911859
11056678067
2221089974
2233631927
4163044544
4233708744
4163044553
4233708748
3146204364
7345489101
4163044556
13523911890
3657860315
3657860316
3657860319
1542284524
1542284530
13546235123
2231215360
2233632013
9780806935
9780806937
322513906
7362397467
7362397468
1542284579
7362397475
11011868824
7353287981
13704013111
13704013112
744424761
11134797111
7248028985
7248028986
322513913
7248028987
7248028988
7248028989
7248028990
322513914
7248028995
7248028996
7248028991
7248028992
7248028999
7248029000
2231215433
7248029001
7248029002
7248028997
7248028998
6409061715
2244912468
6409061716
6409061717
6409061718
6409061719
6409061720
6409061722
6409061723
6409061724
2244912476
7349929310
7563553180
2248205664
11038639449
13968022554
2244912485
13968022555
7349929322
7349929323
7349929324
7349929325
13968022556
2244912495
11011868827
2231174526
7349929343
2231174528
2231174529
2231174531
10097632643
6690768261
2231174534
6690768263
2231174536
6690768265
2231174538
2244912523
2231174540
2231174541
6690768270
2231174543
6690768272
6690768273
6690768274
6690768275
341845396
6690768277
6690768278
2233632151
6690768280
6690768281
6690768282
6690768283
6690768284
6690768279
10097632663
10097632672
10097632673
2244912546
11011868829
2233632165
7324673448
7397336489
7397336490
7397336491
10097632680
7324673454
11171136944
7288776113
6800246197
6800246199
2244912569
11011868830
2244912578
3632317891
7357825521
2244912584
2233632201
7357825522
2233632206
1542276559
2244912592
2248207484
11011868831
7278953943
7278953944
7278953945
7278953946
2244912600
11029571036
11029571037
11029571038
11029571039
11029571040
11029571041
11029571042
7257515491
2244912612
11029571043
11029571044
11029571045
11029571046
11029571047
2244912618
7397336556
2244912624
7252887024
11011868832
341943800
4163274250
11011868833
13521171278
2244912674
7311509028
2244912691
7252887101
2231215678
5425890880
5425890881
5425890882
2244912708
2237040197
13704111691
13704111692
7252887119
4163274322
13704111700
2233632344
13691444401
2233632348
2248640101
7325142221
2244912747
2233632368
7325142224
2248640120
3657901690
3657901691
2233632380
3657901692
3657901693
2231215743
7325142225
2233632387
2233632392
7323313803
7323313804
7323313805
7323313806
7323313807
3657901712
3657901713
2244912786
7323313808
2244912790
2289452697
2233632411
3657901724
9417721501
7357814167
5425890981
5425890982
5425890983
5425890984
5425890985
5425890986
2233632427
7323313834
7323313835
7357814168
2233632432
11042309810
7323313843
7323313844
2233632437
7323313845
7323313850
2233632444
7249438397
7249438398
7249438399
7249438400
7249438401
2244912830
2233632451
7323313859
7323313864
5762921938
7323313866
7323313872
13817054929
13460219601
13817054932
7323313877
7257024214
7257024215
2233632472
7257024216
7257024217
7257024218
7257024220
7257024219
7257024222
7257024221
7249438431
2244912858
2221626886
13460219618
7349733092
7349733094
7249438439
7349733096
4140369641
2233632491
2244912875
13460401129
7257024239
4163274480
7257024240
7257024241
7257024242
7257024243
7249438450
2244912885
7257024247
7257024248
7257024249
7257024250
7257024251
7249438456
2233632509
7249438459
2244912896
7249438468
7249438471
2244912907
11031561996
580527889
2244912913
580527892
9897649941
580527894
13551224597
2233632537
580527897
580527899
580527900
2244912924
580527902
2244912922
2244912921
580527905
9897649951
2233632547
9897649952
13368698659
7305398057
580527913
13368698666
580527916
580527917
7305398059
580527919
580527920
7305398058
580527923
580527926
580527929
2233632572
580527932
2233632579
991086406
11060832071
2248640330
11038563451
11038563452
2233632594
7358613334
7358613335
2233632600
7358613337
7358613338
2248640347
7358613336
2230593373
3666167646
2233632607
2233632608
10705774433
10705774434
10705774435
4163274596
2248640357
3147982694
3147982692
3147982693
3147982697
3147982698
3147982699
3147982700
3147982701
3666167662
3147982703
3147982704
2248640369
2233632625
3147982707
3147982706
3147982709
3147982710
3147982702
3147982712
3147982713
3147982705
3147982715
3147982716
3147982708
3147982718
3147982711
3147982720
3147982714
3147982722
3147982717
3147982724
2248640389
3666167685
3666167687
3147982728
3147982726
3147982725
3147982723
3147982727
13764151182
3666167697
3666167705
3666167706
5956741022
3666167713
2233632674
4163274660
3666167717
2241480614
11068721065
7417874356
2248640441
4163274685
13509666756
2248640460
13509666770
1185843159
5772969944
7298569685
5772969946
5772969947
5772969948
5772969949
5772969950
2221626838
7298569686
12088575963
2221626839
7298569687
11071047653
13968001003
1185843183
11038705650
1185843196
7320872957
1185843198
7320872956
11033659394
11033659395
11033659396
2248640517
1185843207
1185843214
2248640530
2248640534
13694601243
2248640540
13694601245
1185843230
697403419
2248640549
7311181870
2248640561
7311181873
7244335156
1185843255
2248640572
7244335165
7244335166
7244335167
7244335171
7244335172
1185843269
7244335174
7244335175
7244335176
7244335173
7290677321
1185843275
2248640587
2248640589
7370524750
7290677320
7637592144
2248640593
7370524752
2248640595
7370524756
7637592143
1185843286
2248640599
7637592145
7637592146
2248640604
7370524765
2248640606
2248640607
2248640612
7559768165
2248640614
7334652007
7334652008
7334652009
7334652010
7370524777
7559768172
7559768173
2248640622
7559768175
2248640624
7559768174
7559768178
7559768179
7559768180
7559768181
7559768182
2248640631
7559768184
2233632889
7559768183
2233632891
2233632893
7290677373
13980330113
2248640642
2248640644
2233632902
11068724728
2233632906
2248640650
13980330122
7563577485
2233632912
2248640656
2233632916
2233632917
2248640661
7330777239
7330777240
7330777238
7330777237
7330777236
7331023004
7331023005
2233632925
2248640670
11068724731
7563577498
2248640674
7563577500
10970212515
7330777253
7330777254
2248640679
7330777256
7330777257
7330777258
7330777259
7330777260
7330777261
10970212518
11011868838
11011868839
11011868840
11011868841
11011868842
11011868843
2230593717
11011868845
11011868846
11011868847
11011868848
11011868849
11011868850
11011868851
11011868852
11011868853
11011868854
11011868855
11011868856
11011868857
11011868858
11011868859
5763770565
5763770566
5763770567
2248640712
5763770568
5763770569
5763770570
5763770571
5763770572
5763770573
5763770574
5763770575
5763770576
5763770577
5763770578
2248640724
5763770579
5763770580
5763770581
5763770582
5763770583
5763770584
5763770585
5763770586
5763770587
5763770588
5763770589
5763770590
5763770591
2221626888
2221626890
7334226144
10097632651
2248640744
13528385775
13528385777
5763770611
2248640756
5763770613
5763770614
5763770615
5763770616
5763770617
5763770618
5763770619
5763770620
5763770621
5763770622
5763770623
2248640768
5763770625
5763770626
5763770627
5763770628
5763770629
5763770630
5763770631
4140370184
5763770633
2248640778
5763770635
5763770636
5763770634
5763770632
7334636527
10097632660
7358613750
2248640791
3147983129
3147983130
3147983131
3147983132
3147983133
3147983134
3147983135
2248640800
3147983137
3147983136
7358613752
3147983140
7358613753
3147983142
3147983144
3147983145
3147983148
7311886636
3147983152
2248640817
7358613756
3147983157
3147983158
3147983159
3147983160
3147983161
3147983162
3147983163
3147983164
3147983165
3147983166
2440653119
11057998144
3147983167
3147983168
3147983169
3147983170
3147983171
3147983172
2248640839
3147983173
3147983174
3147983175
3147983176
3147983177
7311886669
2250778958
3147983178
7311886672
3147983179
3147983182
3147983181
3147983180
3147983183
2244913494
3147983184
2244913496
2244913497
2244913498
3147983186
2244913500
11039476061
3147983191
3147983193
2244913504
11039476065
3147983195
2248640867
2244913507
2244913509
3147983197
2244913511
3147983201
3147983204
3147983205
2244913515
2248640876
2244913517
3147983206
2244913519
3147983207
3147983208
3147983209
2244913523
2248640884
2244913525
13536045421
2244913527
11011868834
11011868835
11011868836
2244913533
11011868837
2248640900
2248640906
2244913546
9837654222
2248640910
7563553166
7563553168
2244913554
7563553170
7349823893
7349823894
7349823895
7349823896
7349823897
7563553174
7370803611
7370803612
2244913565
7349823899
2244913567
7349823902
2244913569
7370803617
2244913571
7563553183
7370803621
2244913573
2244913575
11011868844
2244913577
10963282346
2244913579
2241481132
2244913582
13694675375
2244913584
13694675376
2244913586
13694675377
13694675378
2244913589
13694675379
2244913591
7357819320
2244913593
2244913594
13694675380
2244913596
13694675389
2244913598
2244913600
2244913602
2244913604
2244913606
2244913608
2244913610
2244913612
2244913614
2244913615
2244913617
2244913619
5890582996
2244913621
5890582998
5890582999
5890583000
2248640985
5890583002
5890583003
5890583001
5890582997
7357819358
7357819359
7357819360
7357819357
7357819356
7357819363
2248640997
11059202534
7357819365
9869634029
9869634030
2248641010
2248641011
11011868860
2248641013
7248144886
7248144887
11011868861
2248641020
11011868862
2248641023
11011868863
2248641026
2248641028
2248641031
11011868864
11011868865
5425891854
11011868866
7370541588
2248641045
11011868867
2248641052
904817183
2248641060
7361784363
2248641068
2248641072
6152882737
7311821364
7353313847
11011868874
11011868875
11041557057
11041557058
4140370499
11041557060
11041557059
11041557062
7271074375
7271074376
11041557064
11041557066
10299722318
10299722319
2248641104
2248641105
10299722320
7271074384
7260211796
7260211794
7298569811
7260211802
7287307390
11011868881
2248641120
11011868882
2248641125
7298569815
11011868883
7287307392
2248641129
7345752682
7266470507
7266470508
2248641133
5890582995
7291447917
2248641136
7266470512
7266470511
7266470510
7266470509
2248641141
2248641142
7299730039
7271189108
7271189107
7271189106
11011868886
11011868887
2248641150
7291447936
2248641152
7291447941
7291447942
7291447943
7291447944
7291447945
2248641160
2248641163
2248641164
7271189130
7266470537
2248641167
2248641169
7287307401
7266470547
2248641172
5890574996
2248641177
2248641180
13964307105
13964307108
13961530024
7271189165
11052092119
2228071140
13682412275
7284189940
13682412279
11027385088
7259990785
11011868884
3266792205
3266792207
3266792208
11011868885
7345261351
7345261352
2250277230
12375157555
3659103369
2248919895
7299263332
14069992298
14069992299
13762988909
5426023286
5426023287
5426023288
5426023289
5426023290
5426023291
5426023292
5426023293
5426023294
5426023295
5426023296
5426023297
13762988935
13762988940
13762988941
13762988942
13762988943
13586189198
13762988950
341855134
341855135
11060890543
11060890544
322513885
322513886
322513887
322513889
7246687202
322513890
580635620
580635621
580635622
322513891
322513893
322513894
322513895
322513896
580635628
322513897
322513898
580635631
322513899
322513901
2228071410
580635635
322513902
322513900
322513907
580635639
322513903
322513904
322513905
580635643
322513908
322513909
322513910
580635647
322513911
322513912
322513916
580635651
322513915
322513917
322513920
580635655
7298543848
580635666
580635671
580635674
7298543850
580635676
580635677
580635678
7298543851
580635680
13460401182
580635682
580635685
580635687
7298543854
580635695
11058023471
580635698
11032079412
580635701
11032079413
11058023479
11032079414
11032079415
11032079416
11032079417
11032079418
7298543857
11032079419
580635711
580635715
580635718
13536045414
13468503116
13468503117
13536045415
13536045416
2244758615
7353289819
2248207456
2248207457
2248207459
13468503140
7340346467
13536045422
2248207475
2248207477
2248207478
2244758647
2244758648
2244758649
2244758650
2244758651
2244758652
2244758653
2244758654
2244758655
2244758656
2244758657
2244758658
2244758659
2244758660
2244758661
2244758662
2244758663
2244758664
2244758665
2244758666
2248207491
2244758668
2248207493
2248207496
2248207497
5425876112
5425876113
5425876114
2244758675
5425876116
678718613
5425876118
2248207511
7353289880
13381274775
5425876120
5425876119
5425876117
7298543876
13381274782
7298543875
2248207520
7298543877
7298543878
7298543879
7298543880
7298543881
7637592139
7298543882
7323315390
7637592140
7298543883
678776002
7323315396
7298543884
2248207558
13968280775
7325142218
7325142219
7325142220
7323315405
7325142222
7325142223
7323315408
13968280785
7323315410
7323315409
7325142228
7325142229
7325142230
7325142227
2143792344
7325142226
2143792346
5647469806
5764017404
5425876221
5425876222
5425876223
5425876224
5425876225
5425876226
7273609284
7311551770
7311551771
6414060833
2248207655
13998124332
13449481519
13449481520
13449481521
13449481522
13449481523
13449481524
13449481525
13449481528
13449481529
7259974973
7259974981
13536103756
7569542486
7569542489
7311314271
7311314272
7569542497
7569542498
2248207724
7321390462
11068919171
7572163995
3660592535
7572164000
7572164002
3660592539
13967560120
683421112
341855677
13967560126
13755108803
683421126
13754248651
13754248654
13754248662
13754248663
13506792922
9914256860
683421151
7243034093
679980529
679980534
9133780475
679980548
2234740232
12876017161
5763770612
679980559
2230259222
2230259227
10705774436
13964824113
10705774437
7252872761
10705774438
7330893375
10705774439
10705774440
7330893381
2230259270
352652871
5763770624
2230259274
10705774441
3666167644
7252872782
10705774442
10705774443
13366267479
10705774444
10705774445
10705774446
10705774447
10705774448
7298674287
3657903728
3657903727
10705774449
7330967156
3657903732
3657903733
3657903734
10705774450
3657903739
683421310
3657903748
3657903749
2244759181
3657903758
3657903759
2234740378
3657903784
3657903785
3657903786
3657903788
3657903789
3657903790
3657903791
3657903792
7305227974
7563553175
11029622510
5890559750
3659099911
3659099912
3659099913
3659099914
3659099915
3659099916
3659099917
5890559751
3659099919
3659099920
12167540517
12167540518
3666167650
2233626416
2233626418
2233626420
2233626422
2233626424
2233626428
2233626429
2233626430
2233626432
2233626434
2233626436
12373094217
12373094226
2233626451
2233626455
14091358041
2233626458
7358361436
2233626462
2233626476
2233626481
13757869940
2233626494
11027312525
2233626514
2233626515
7298527126
7298527127
7298527128
7298527129
7298527130
2233626524
2233626529
2248642473
2248642476
619138991
619138992
619138993
619138994
619138995
619138996
619138997
2233626548
2233626552
7290769344
2248208323
7354568645
2248208331
2233626572
2233626575
2248208338
2233626585
2248208346
13286576090
13286576089
7331205085
7331205086
2233626591
7331205087
7330836452
2248208357
2233626602
7331205101
7331205102
7331205103
7331205104
7330656239
2233626613
2233626615
2233626620
2233626622
2088169474
2233626627
2088169477
2233626630
7339986954
7339986955
2233626636
2233626638
2088169487
2233200657
7568379922
2233626642
2233626645
7241297941
2233626647
2233200663
2233626651
9252589612
2088169519
2233626673
2088169523
2233626678
7353757756
7353757760
683806787
2088169540
2088169544
2250780746
7353757770
7353757771
7353757772
2233626703
683806805
683806806
683806807
619139162
2250780773
2233626737
9787215990
7372107898
2233626747
7350030460
7350030467
2088169607
7350030482
7372107926
7372107927
7372107928
12836163737
12836163738
2233626779
2088169636
11027304623
2088169647
11039707313
2233626806
11027304630
12455637179
2088169663
3632320705
7330967746
3632320707
7330967745
12455637187
7360532678
2233626822
9837654217
9837654218
9837654219
9837654220
9837654221
2233626830
9837654223
9837654224
9837654225
9837654226
9837654227
9837654228
9837654229
9837654230
9837654231
11027198168
9837654233
9837654234
9837654235
9837654236
9837654237
9837654232
7298543847
2143498472
7298543849
2088169706
7353289857
7298543852
7298543853
2233626862
7298543855
2143498480
7298543856
7298543858
7298543859
7298543860
7298543861
7298543862
7298543863
7298543864
7298543865
7298543866
7298543867
7298543868
2248208637
7298543870
7298543871
7298543872
7284297985
4164931842
7284297987
7284297988
7284297989
2233626886
7284297991
7284297992
7284297993
7284297994
7284297990
7284297995
7284297996
7284297997
7284297998
7284297999
7284298000
7299289362
7284298001
7299289364
7284298002
7299289366
7299289367
7299289368
7299289369
2233626906
7284298003
7284298004
7284298005
7284298006
7284298007
7284298008
4164931873
4164931871
13335646491
13335646492
9133805861
13335646493
10867265831
7339634984
10867265833
10867265834
10867265835
10867265836
10867265832
7330689327
743977267
7339618612
2233626934
13961826622
13432205631
13432205637
7273582919
2233626955
7559768168
7559768169
2233626963
7284298080
11329147232
11329147234
11329147236
11329147238
7284298087
7284298090
5425881823
7284298108
11042066813
5425881825
5425881827
7273582988
7273582989
2248208784
7273582993
7273582992
7273582996
7273582997
7273582998
7273582999
2220298648
7273583000
7273583001
7273583002
7273583003
7273583004
7273583005
7273583006
7273583007
7273583008
7273583009
2220298659
2220298660
2220298661
2220298662
5425881833
2220298664
2220298665
7273583011
7273583010
7273583012
7273583014
7273583015
7273583016
7273583017
7273583018
13603025330
7273583019
7273583020
7273583021
7273583022
13603025337
13748228548
13603025351
13748228553
678605276
743977454
743977459
743977465
7247346286
11027542524
11027542525
11027542526
11027542527
11027542528
743977473
11027542529
743977512
1645802024
743977515
743977519
743977525
743977531
743977537
743977542
743977547
743977550
743977555
743977560
13286576731
743977565
7370469982
743977572
7361655396
619139686
743977575
619139687
743977582
743977587
743977590
13769151095
7247346311
743977595
7247346312
743977598
7247346313
743977603
7247346314
743977608
743977613
743977622
10279907993
743977632
7247346322
743977654
743977659
743977662
7349826247
2250781384
7314969295
7314969296
772649687
683799258
7314969307
7324644058
10958945540
7314969352
7311561493
7311561494
7311561495
7311561496
7357641496
7357641500
7311561504
7357641508
7246566185
13521171248
2250781495
2250781499
2250781500
2250781502
6690771785
6690771786
6690771787
6690771788
6690771789
6690771790
6690771791
6690771792
6690771793
6690771794
6690771795
7358411604
6690771797
6690771798
6690771799
6690771800
6690771801
6690771802
11274031963
6690771804
6690771805
6690771806
6690771807
6690771803
2248643421
2250538161
7358411619
7301411685
7301411689
7301411690
7284224874
13748228975
2236170720
13748228982
2236170724
10289124234
5956572055
2236170729
2236170733
5425877939
11032089532
349131712
10963325888
5425894350
5425897043
4146787298
4146787301
4146787302
4146787310
4146787311
13754905601
13754905602
13754905603
13754905605
2248209415
13456028683
2248209438
2250535971
7309448229
2250535977
2248209449
11021710382
2248209454
1186542641
7252844910
13456045110
2250535992
1186542652
1186542653
2250535998
11050988616
1186542666
11039454283
1186542670
30610510
1186542672
1186542673
11039454286
9147454547
9147454543
9147454544
1186542678
12407092310
1186542682
2250536032
12407092322
2250536035
2250536038
2250536042
7358613751
2250536080
11070387349
11070387350
11070387351
14058640536
3663320218
3663320219
2250536098
9868645547
9868645548
9645724856
9645724857
2250536123
2250536134
2088211659
2250536140
11949552863
11949552864
11949552865
2228425955
5425911021
2228425967
7428453618
2228425973
2246849784
2228425979
2088211711
13465507072
7358613757
2228425990
2228426002
7358613758
13555275034
2228426011
7263991070
2228426019
2228426025
13506549038
5956629811
5956629812
13506549045
13506549046
13506549047
2228426040
7263991096
13506549048
7345452347
2088211772
7345452349
7345452350
2228426047
7345452348
13506549053
2228426050
13961508155
13961508156
7345452357
7345452359
7345452362
2228426059
7263991121
7345452369
7312078165
2228426070
7265580378
2228426076
7265580381
7265580380
2228426082
5425880396
2228426088
2228426092
7263991151
7263991158
7263991159
2228426112
2228426115
13535958405
2228426118
13535958406
2228426121
7263991177
13535958409
2228426124
2228426126
2228426129
13535958417
3660592532
3660592533
3660592534
2228426135
3660592536
2228426137
3660592538
2228426139
3660592540
2228426141
3660592541
7263991199
3660592543
2228426145
3660592546
2228426147
3660592548
3660592547
2228426150
11750138600
11750138601
2228426153
11021628842
11750138602
2228426156
2228426159
11750138603
2228426162
2228426164
11041641908
11750138604
11750138605
2228426170
11346343354
2228426173
11750138606
2228426176
2228426178
2221626819
2221626820
2228426181
7263991238
2221626821
2228426184
2221626822
2228426186
2221626823
2221626824
2228426189
2221626825
2221626826
2228426192
2221626827
2221626828
2228426195
2221626829
2221626830
2228426198
2221626831
2221626832
2228426201
2221626833
2221626834
2228426204
2221626836
2221626837
2228426207
7263991264
2221626840
2228426210
2221626848
11986933212
2228426213
2228426216
11039299050
2228426219
2228426220
2228426224
2221626865
2228426226
2228426229
2228426231
7262443000
2228426233
2221626872
2228426235
2221626876
2228426237
13460100600
2221626879
2228426239
2228426241
2088211968
2228426243
2221626884
2228426245
2221626883
2228426247
7262443016
2228426249
7311857162
2228426251
7311857161
7262443021
7262443020
7262443019
3659126288
2221626897
3659126289
3659126290
3659126291
2221626892
3659126294
2221626894
2221626895
2221626896
2221626907
7298569772
11056223800
11039315516
7262443068
7298569788
7298569789
7298569792
7298569791
13467776578
13467776579
7298569794
7298569797
7298569796
7298569802
2088212043
7298569804
7298569805
7298569807
7298569809
7298569810
13467776595
7298569812
13690672723
2221626965
7298569814
2221626968
7298569816
13690672730
7298569817
7248139868
7248139869
7248139870
7248139871
7248139872
7298569825
7298569820
7298569827
7298569822
7298569823
7298569829
7298569831
7298569830
7311201890
7311201892
7311201893
13690672748
13690672750
13690672751
7262443120
13690672752
13748590213
10970212517
11949563474
7345534614
11949563476
7345534619
2221627055
11041576642
7299421892
13506549049
11041576649
13506549050
7299421905
13506549051
13506549052
2221627115
11949553399
11949553400
11949553401
11949586174
11949586175
11949586176
13523867404
13523867405
13523867406
13523867410
7345674005
3207427865
7345674011
3170178844
11052075257
13286545196
13286545197
2216802123
2216802124
1203369805
2216802126
1203369806
1203369807
1203369808
2216802130
1203369809
13586192209
1203369813
13586192210
13586192211
2244912853
11056437117
11039348606
13744428929
11056437121
7299635105
7559791287
11041609652
6034372534
6034372535
6034372536
13997307845
13521016789
7361009638
7299635177
7290714098
7290714099
7290714106
7331198983
7331198984
2248202252
2248202258
2248202263
3666171929
3666171931
3666171935
2248202275
7350605860
7350605861
11027626022
7350605862
7350605859
7273609264
2248202290
2248202300
7321729085
3147982695
7287502916
7287502917
7287502918
7287502919
7287502920
7287502921
7287502922
3147982696
2248202316
2248202317
2250274894
2242084676
2250274897
2248202325
7305730134
7305730143
7305730144
7305730145
7370512485
2250274920
7559791326
2242084683
7559791327
7559791328
5611354236
5611354238
11032885381
2250274953
2242084688
2248202385
2248202388
2250274971
2248202401
14058674339
2250274984
7362893994
7362893995
7362893996
7362893997
2250274991
7353817264
7353817263
7559791339
7362893999
2248202420
7362894004
3147982719
7362894008
2248202425
7362894013
2250538312
5928769729
5928769730
5928769731
3147982721
7362525384
7345805514
3663370443
3663370444
3663370445
744077517
13747460306
13747460307
3663370452
3663370453
3663370454
3663370455
3663370456
13747460308
9067722971
9067722972
7345805542
7362894056
2250275060
2250275061
2250275063
2250275071
12375070978
5956589827
13692066068
2250275094
13844355351
13844355352
9067723037
13704124702
9067723039
9067723040
13704124705
9067723042
13704124707
13704124708
13704124709
13704124710
13704124711
3664763176
2230303017
7246687221
13704124712
13704124714
13704124713
13704124715
13704124716
2248202553
7310989625
3664763195
7345805633
7345805634
2250275144
2250275146
2250275149
7298668878
2248202576
2250275152
2246637908
2250275157
2230303071
5306202463
2250275170
810170729
2250275178
6117407085
810170733
810170737
2250275187
2230303095
5956557198
5956557199
5956557200
5956557201
5956557202
5956557203
5956557204
5956557205
5956557206
2248202647
5956557207
5956557208
5956557209
5956557210
5956557211
5956557212
5956557213
5956557214
5956557215
5956557216
5956557217
5956557218
5956557219
5956557224
7321328055
7321328056
7350084335
11134786002
11134786003
11134786004
10079025627
7284283868
580635625
904821229
904821233
7350229491
2248202753
2246638097
7350229522
7350229523
7350229524
7350229521
13696014878
7247346206
13286570555
2248202812
2221414985
2221414999
2248202848
7311858272
7311858277
7247346281
7247346282
7247346283
7247346284
7331248749
7247346285
7247346287
7247346288
7247346289
7247346290
7247346291
7247346292
7247346293
7247346294
7247346295
7247346296
7247346297
7247346298
7247346299
7247346300
7247346301
7247346302
7247346303
2248202880
7247346305
7247346304
7247346307
7247346308
7247346306
679991942
7247346310
7247346309
2221415049
679991945
7247346315
7247346316
679991949
7247346317
7247346318
7247346320
7247346321
7247346319
7247346323
7247346324
7247346325
7247346326
7247346327
7247346328
7247346329
7247346330
7247346331
7247346332
7247346333
7247346334
7247346335
7247346336
7247346337
2221415074
7247346338
7247346341
7247346342
7247346343
3659103374
2221415084
2248202924
7247346350
7247346349
7340030644
13208533687
2248202944
7290796736
7290796739
7340030660
7290796741
6166805191
2221415117
2248202963
2221415125
2246638300
2221415134
7247346400
14058674915
2221415140
14058674917
2221415145
2248202986
11011868825
2248202990
2221415151
2221415156
2221415160
2248203004
2221415165
7300881150
7300881151
7300881152
7300881153
2248203010
11033741656
2248203012
2233631077
11033741655
2221415175
2248203015
2221415177
2246638348
5956745998
2248203023
7257455379
7257455380
2248203029
2221415199
6546807584
13967948582
2233631084
13967948587
2221415216
2248203058
2250537781
13967948600
2221415226
10301971261
2221415230
2221415232
2221415236
13754874697
2221415242
13754874698
13754874699
13754874700
2221415249
7320951634
2221415255
2246638430
13475519330
11011868826
2221415271
2221415277
7248028993
2221415282
2221415290
2236480382
7358520190
2221415296
7358520195
2221415308
2221415319
7350025112
2221415322
2221415324
2221415326
2221415327
2237038980
2221415331
2221415333
2221415340
7362542509
7362542510
7362542508
2250275762
2237038984
2221415355
2221415360
2221415364
2221415367
580508615
2221415371
683793359
2221415375
2221415377
2221415379
2221415381
7370685398
2221415383
2221415384
11066555351
2221415386
2221415388
2221415390
2221415392
2221415394
2221415396
11936947173
2221415398
2221415401
2221415403
2221415404
580508653
2221415406
11056471022
3508501487
3508501488
2250537977
1078664188
2221415421
580508668
2221415423
1645779964
2221415425
580508673
2221415428
2221415431
2221415433
2221415436
2221415439
2221415441
2221415443
2221415445
1645779992
2221415449
1645779993
7331290139
2221415452
13968022552
13968022553
2221415455
7262411808
2221415457
13968022562
2221415459
2250538020
2221415461
13968022560
13968022561
10927914033
5425897025
5425897028
7263214675
7342742617
2230303836
7342742624
7342742625
7342742626
7342742627
11011868828
13691370599
13691370600
7342742635
7342742636
7342742637
7342742638
3659103343
7342742640
7342742639
7342742643
7342742644
7342742645
3659103350
3659103351
3659103352
2236480634
11038563450
7265623164
2233867389
2233867390
7287307389
7287307391
7287307393
2233867394
5425897040
7287307396
2233867397
2236480645
3659103364
2233867400
3659103365
3659103366
2233867403
3659103367
3659103368
2233867406
2233867407
3659103376
2233867409
3659103377
3659103375
2233867412
3659103380
2236480662
3659103381
3659103382
7300881561
3659103383
2236480667
5425897044
2246638750
2246638751
3659103391
3659103392
2236480674
7300881573
2233867429
2246638758
10715774118
2233867433
2246638761
10715774119
2236480684
10715774120
10715774121
2250276015
10715774122
10715774123
2246638770
10715774124
10715774125
10715774126
10715774127
10715774128
2246638776
10715774129
10715774130
10715774131
10715774132
10715774133
10715774134
2236480703
7005584575
10715774136
10715774137
10715774138
2250538180
10715774140
10715774141
2236480711
10715774143
10715774144
2236480714
10715774146
10715774147
10715774148
10715774149
10715774150
10715774151
10715774152
10715774153
13961780435
2236480725
2236480730
7342742746
10187455709
10187455715
2236480741
343361264
3657686251
3657686252
2250538219
2246638831
3657686259
3657686260
3657686261
3657686264
3657686265
2250538234
3657686270
3657686271
7283752190
7298238720
7298153731
7298153732
7298153733
7298153734
7298153735
7298153736
7298153737
7298153738
2246638859
7298153739
7331151114
3657686286
3657686287
2246638864
3657686285
2236480786
2246638868
2246638869
2246638871
13681786136
13681786137
2246638876
2246638879
13681786144
2246638885
2246638892
7331151154
13521157428
13521157430
13749468476
5425880385
5425880386
5425880387
5425880388
5425880389
5425880390
5425880391
5425880392
5425880393
5425880394
5425880395
2246638924
5425880397
2236480846
5425880399
5425880400
5425880401
5425880402
5425880403
5425880404
5425880405
5425880406
5425880398
2236480870
13754416488
2250276210
2250538354
10715774135
2236480891
10715774139
2250538383
13366230417
2246639002
10715774142
10715774145
2246639031
2246639046
2246639053
5461507533
2246639056
5425896913
5425896914
5425896915
5425896916
5425896917
2246639062
5425896919
5425896920
5425896918
10715774154
10578533854
2246639071
10578533855
10578533857
10578533858
10578533856
13661748707
10578533862
10578533863
10578533864
2246639081
10578533866
10578533865
13922221551
7290797554
2246639095
683793914
2246639103
683793921
2246639106
2246639117
13997202959
13997202960
13997202961
2246639124
2246639125
7321468442
2250276383
2246639136
7262969375
2246639142
2246639150
2246639152
2246639153
5425880630
5425880631
2246639162
2246639164
5425897021
5425897022
5425897023
5425897024
2246639169
5425897026
5425897027
2246639172
5425897029
5425897030
5425897031
5425897032
5425897033
5425897034
5425897035
5425897036
5425897037
5425897038
5425897039
7262969424
5425897041
5425897042
11949563475
2230304340
5425897045
5425897046
13695942231
5425897048
5425897049
5425897050
5425897051
2246639196
5425897053
5425897054
5425897052
5425897047
9871679077
9391980135
245661293
11031502449
11031502450
11031502451
11031502452
11031502453
11031502454
11031502455
11031502456
11031502457
11031502458
11031502459
11031502460
11031502461
11031502462
11031502463
11031502464
11031502465
2246639239
2246639254
2250538658
14072209064
14072209070
14072209071
2250538677
2246639290
7331028670
7298531017
7257513691
2250538715
7257513695
7301947120
11031584508
7330651903
13748051719
13748051726
7334248210
2242084636
7349864798
2242084646
7298531111
2242084648
7349864799
7349864800
2242084654
2242084656
2242084657
7349864801
2242084659
7349864802
7349864803
2242084668
11038588735
2242084671
5425880899
5425880900
5425880901
5425880902
5425880903
5425880904
5425880905
5425880906
5425880907
5425880908
5425880909
5425880910
5425880911
7262969680
5425880913
5425880914
5425880915
5425880916
5425880917
5425880918
5425880919
5425880920
5425880912
7298238723
5750939481
13277069148
13277069149
2242084702
2242084708
13748608870
2242084712
2242084714
13748608876
2242084718
2242084720
2242084734
904814463
904814464
904814465
2242084738
904814466
2242084741
904814473
2242084746
2242084747
904814476
2242084749
2242084751
3663323025
3663323026
3663323031
3663323032
3663323033
3663323034
3663323035
3663323036
11809185693
11052072866
7259873203
7259873204
7259873205
11953135542
11953135543
7259873206
744423817
7259873222
7259873223
7259873224
7326130121
7326130122
7326130123
7259873225
2250276817
9172426713
9172426714
9172426715
9172426716
5425872892
5425872893
5425872894
5425872895
